1	1	100.000000	0.000000	0
1	2	100.007071	0.127554	0
1	3	99.978331	0.135527	0
1	4	99.930440	0.148804	0
1	5	99.863417	0.167371	0
1	6	99.777283	0.191203	0
1	7	99.672068	0.220272	0
1	8	99.547808	0.254542	0
1	9	99.404545	0.293972	0
1	10	99.242329	0.338514	0
1	11	99.061214	0.388115	0
1	12	98.861263	0.442714	0
1	13	98.642545	0.502245	0
1	14	98.405134	0.566638	0
1	15	98.149113	0.635815	0
1	16	97.874569	0.709694	0
1	17	97.581598	0.788187	0
1	18	97.270300	0.871201	0
1	19	96.940785	0.958639	0
1	20	96.593165	1.050397	0
1	21	96.227564	1.146369	0
1	22	95.844107	1.246443	0
1	23	95.442930	1.350502	0
1	24	95.024172	1.458428	0
1	25	94.587982	1.570097	0
1	26	94.134513	1.685380	0
1	27	93.663925	1.804148	0
1	28	93.176385	1.926267	0
1	29	92.672066	2.051599	0
1	30	92.151148	2.180004	0
1	31	91.613816	2.311341	0
1	32	91.060264	2.445465	0
1	33	90.490689	2.582228	0
1	34	89.905297	2.721481	0
1	35	89.304300	2.863074	0
1	36	88.687914	3.006855	0
1	37	88.056363	3.152669	0
1	38	87.409877	3.300360	0
1	39	86.748692	3.449774	0
1	40	86.073049	3.600752	0
1	41	85.383196	3.753136	0
1	42	84.679388	3.906769	0
1	43	83.961882	4.061489	0
1	44	83.230945	4.217139	0
1	45	82.486846	4.373559	0
1	46	81.729863	4.530588	0
1	47	80.960277	4.688067	0
1	48	80.178374	4.845837	0
1	49	79.384448	5.003739	0
1	50	78.578797	5.161613	0
1	51	77.761722	5.319301	0
1	52	76.933532	5.476646	0
1	53	76.094539	5.633491	0
1	54	75.245061	5.789679	0
1	55	74.385421	5.945056	0
1	56	73.515944	6.099466	0
1	57	72.636962	6.252758	0
1	58	71.748811	6.404777	0
1	59	70.851831	6.555374	0
1	60	69.946365	6.704399	0
1	61	69.032763	6.851703	0
1	62	68.111376	6.997139	0
1	63	67.182559	7.140563	0
1	64	66.246673	7.281829	0
1	65	65.304080	7.420797	0
1	66	64.355148	7.557325	0
1	67	63.400245	7.691274	0
1	68	62.439745	7.822509	0
1	69	61.474023	7.950894	0
1	70	60.503460	8.076296	0
1	71	59.528435	8.198586	0
1	72	58.549334	8.317634	0
1	73	57.566544	8.433315	0
1	74	56.580452	8.545507	0
1	75	55.591452	8.654087	0
1	76	54.599936	8.758938	0
1	77	53.606299	8.859945	0
1	78	52.610938	8.956996	0
1	79	51.614253	9.049982	0
1	80	50.616643	9.138796	0
1	81	49.618509	9.223338	0
1	82	48.620253	9.303506	0
1	83	47.622280	9.379208	0
1	84	46.624993	9.450350	0
1	85	45.628796	9.516847	0
1	86	44.634095	9.578614	0
1	87	43.641295	9.635573	0
1	88	42.650801	9.687649	0
1	89	41.663019	9.734773	0
1	90	40.678353	9.776879	0
1	91	39.692379	9.813779	0
1	92	38.699460	9.843492	0
1	93	37.710781	9.865356	0
1	94	36.726777	9.879365	0
1	95	35.747883	9.885522	0
1	96	34.774534	9.883842	0
1	97	33.807162	9.874349	0
1	98	32.846198	9.857077	0
1	99	31.892070	9.832070	0
1	100	30.945205	9.799382	0
1	101	30.006026	9.759077	0
1	102	29.074953	9.711229	0
1	103	28.152405	9.655921	0
1	104	27.238794	9.593246	0
1	105	26.334529	9.523309	0
1	106	25.440016	9.446220	0
1	107	24.555655	9.362103	0
1	108	23.681840	9.271086	0
1	109	22.818962	9.173312	0
1	110	21.967405	9.068927	0
1	111	21.127546	8.958088	0
1	112	20.299759	8.840961	0
1	113	19.484407	8.717719	0
1	114	18.681851	8.588541	0
1	115	17.892440	8.453616	0
1	116	17.116520	8.313138	0
1	117	16.354427	8.167308	0
1	118	15.606489	8.016333	0
1	119	14.873028	7.860426	0
1	120	14.154355	7.699805	0
1	121	13.450774	7.534692	0
1	122	12.762582	7.365314	0
1	123	12.090064	7.191902	0
1	124	11.433499	7.014691	0
1	125	10.793155	6.833917	0
1	126	10.169291	6.649819	0
1	127	9.562159	6.462639	0
1	128	8.971998	6.272618	0
1	129	8.399042	6.079999	0
1	130	7.843510	5.885026	0
1	131	7.305618	5.687940	0
1	132	6.785567	5.488983	0
1	133	6.283551	5.288395	0
1	134	5.799755	5.086414	0
1	135	5.334353	4.883274	0
1	136	4.887510	4.679208	0
1	137	4.459382	4.474444	0
1	138	4.050115	4.269205	0
1	139	3.659846	4.063709	0
1	140	3.288702	3.858172	0
1	141	2.936803	3.652799	0
1	142	2.604257	3.447792	0
1	143	2.291165	3.243345	0
1	144	1.997617	3.039645	0
1	145	1.723697	2.836871	0
1	146	1.469477	2.635195	0
1	147	1.235023	2.434778	0
1	148	1.020390	2.235773	0
1	149	0.825627	2.038325	0
1	150	0.650773	1.842567	0
1	151	0.495858	1.648624	0
1	152	0.360906	1.456610	0
1	153	0.245930	1.266627	0
1	154	0.150938	1.078769	0
1	155	0.075928	0.893116	0
1	156	0.020890	0.709739	0
1	157	-0.014193	0.528698	0
1	158	-0.029346	0.350038	0
1	159	-0.024601	0.173798	0
1	160	0.000000	0.000000	0
1	161	0.044120	-0.169894	0
1	162	0.107415	-0.334432	0
1	163	0.189820	-0.493611	0
1	164	0.291265	-0.647430	0
1	165	0.411671	-0.795894	0
1	166	0.550952	-0.939007	0
1	167	0.709017	-1.076778	0
1	168	0.885763	-1.209219	0
1	169	1.081084	-1.336344	0
1	170	1.294866	-1.458172	0
1	171	1.526986	-1.574721	0
1	172	1.777318	-1.686016	0
1	173	2.045727	-1.792082	0
1	174	2.332071	-1.892950	0
1	175	2.636205	-1.988652	0
1	176	2.957974	-2.079224	0
1	177	3.297219	-2.164705	0
1	178	3.653777	-2.245138	0
1	179	4.027476	-2.320569	0
1	180	4.418142	-2.391047	0
1	181	4.825593	-2.456625	0
1	182	5.249644	-2.517360	0
1	183	5.690105	-2.573312	0
1	184	6.146781	-2.624545	0
1	185	6.619473	-2.671127	0
1	186	7.107978	-2.713129	0
1	187	7.612088	-2.750628	0
1	188	8.131592	-2.783703	0
1	189	8.666276	-2.812438	0
1	190	9.215921	-2.836920	0
1	191	9.780307	-2.857240	0
1	192	10.359208	-2.873496	0
1	193	10.952397	-2.885786	0
1	194	11.559644	-2.894216	0
1	195	12.180716	-2.898891	0
1	196	12.815377	-2.899926	0
1	197	13.463388	-2.897436	0
1	198	14.124510	-2.891540	0
1	199	14.798500	-2.882364	0
1	200	15.485112	-2.870034	0
1	201	16.184098	-2.854682	0
1	202	16.895211	-2.836444	0
1	203	17.618197	-2.815457	0
1	204	18.352804	-2.791864	0
1	205	19.098775	-2.765810	0
1	206	19.855854	-2.737443	0
1	207	20.623781	-2.706914	0
1	208	21.402293	-2.674377	0
1	209	22.191128	-2.639988	0
1	210	22.990020	-2.603904	0
1	211	23.798700	-2.566287	0
1	212	24.616899	-2.527299	0
1	213	25.444345	-2.487103	0
1	214	26.280763	-2.445863	0
1	215	27.125877	-2.403746	0
1	216	27.979408	-2.360918	0
1	217	28.841075	-2.317546	0
1	218	29.710593	-2.273795	0
1	219	30.587677	-2.229832	0
1	220	31.472037	-2.185824	0
1	221	32.363383	-2.141934	0
1	222	33.261420	-2.098325	0
1	223	34.165852	-2.055160	0
1	224	35.076379	-2.012597	0
1	225	35.992699	-1.970795	0
1	226	36.914506	-1.929907	0
1	227	37.841493	-1.890084	0
1	228	38.773349	-1.851476	0
1	229	39.709759	-1.814225	0
1	230	40.661155	-1.777876	0
1	231	41.621144	-1.740765	0
1	232	42.584542	-1.702876	0
1	233	43.550993	-1.664311	0
1	234	44.520137	-1.625170	0
1	235	45.491615	-1.585549	0
1	236	46.465063	-1.545545	0
1	237	47.440118	-1.505250	0
1	238	48.416414	-1.464755	0
1	239	49.393585	-1.424148	0
1	240	50.371263	-1.383514	0
1	241	51.349080	-1.342934	0
1	242	52.326664	-1.302487	0
1	243	53.303646	-1.262248	0
1	244	54.279654	-1.222288	0
1	245	55.254316	-1.182676	0
1	246	56.227260	-1.143477	0
1	247	57.198113	-1.104749	0
1	248	58.166503	-1.066552	0
1	249	59.132057	-1.028938	0
1	250	60.094402	-0.991955	0
1	251	61.053168	-0.955650	0
1	252	62.007981	-0.920064	0
1	253	62.958472	-0.885236	0
1	254	63.904270	-0.851198	0
1	255	64.845006	-0.817981	0
1	256	65.780312	-0.785611	0
1	257	66.709823	-0.754112	0
1	258	67.633171	-0.723503	0
1	259	68.549995	-0.693800	0
1	260	69.459932	-0.665015	0
1	261	70.362623	-0.637157	0
1	262	71.257709	-0.610234	0
1	263	72.144836	-0.584247	0
1	264	73.023649	-0.559198	0
1	265	73.893800	-0.535085	0
1	266	74.754939	-0.511902	0
1	267	75.606721	-0.489641	0
1	268	76.448806	-0.468295	0
1	269	77.280853	-0.447850	0
1	270	78.102529	-0.428294	0
1	271	78.913499	-0.409610	0
1	272	79.713438	-0.391783	0
1	273	80.502019	-0.374793	0
1	274	81.278921	-0.358620	0
1	275	82.043830	-0.343245	0
1	276	82.796431	-0.328645	0
1	277	83.536418	-0.314796	0
1	278	84.263486	-0.301677	0
1	279	84.977337	-0.289262	0
1	280	85.677677	-0.277527	0
1	281	86.364216	-0.266448	0
1	282	87.036670	-0.256000	0
1	283	87.694761	-0.246156	0
1	284	88.338216	-0.236894	0
1	285	88.966765	-0.228187	0
1	286	89.580147	-0.220011	0
1	287	90.178105	-0.212342	0
1	288	90.760388	-0.205156	0
1	289	91.326752	-0.198430	0
1	290	91.876959	-0.192141	0
1	291	92.410775	-0.186267	0
1	292	92.927976	-0.180786	0
1	293	93.428343	-0.175678	0
1	294	93.911661	-0.170922	0
1	295	94.377727	-0.166500	0
1	296	94.826341	-0.162392	0
1	297	95.257312	-0.158582	0
1	298	95.670455	-0.155052	0
1	299	96.065593	-0.151787	0
1	300	96.442556	-0.148772	0
1	301	96.801181	-0.145992	0
1	302	97.141316	-0.143433	0
1	303	97.462811	-0.141085	0
1	304	97.765530	-0.138934	0
1	305	98.049339	-0.136971	0
1	306	98.314116	-0.135184	0
1	307	98.559747	-0.133566	0
1	308	98.786123	-0.132107	0
1	309	98.993147	-0.130799	0
1	310	99.180729	-0.129637	0
1	311	99.348786	-0.128613	0
1	312	99.497245	-0.127722	0
1	313	99.626041	-0.126960	0
1	314	99.735119	-0.126322	0
1	315	99.824429	-0.125804	0
1	316	99.893933	-0.125405	0
1	317	99.943600	-0.125121	0
1	318	99.973410	-0.124951	0
1	0	100.000000	0.000000	0
